pc_time,serial_num,sensor_ts,host_ts,ax,ay,az,gx,gy,gz,mx,my,mz,phase,rpe,weight_kg,ppg_a,ppg_b,ppg_c,ppg_d,ppg_e,ppg_f,ppg_g,ppg_h,ppg_i,ppg_j
2026-05-06 16:11:27.150679,649956,1609506150544155,3750456320,0.882304,-0.07808,0.325984,-4.96125,-0.7,-5.04,-44.312,-29.976002,-69.392006,concentric,4,5.0,39751.0,33423.0,86930.0,154420.0,39291.0,40970.0,38250.0,87557.0,26929.0,13607.0
2026-05-06 16:11:27.156339,649957,1609506150553068,3750465062,0.894016,-0.066368,0.31232,-4.82125,-0.105,-5.50375,-44.408,-30.320002,-69.4,concentric,4,5.0,39751.0,33423.0,86930.0,154420.0,39291.0,40970.0,38250.0,87557.0,26929.0,13607.0
2026-05-06 16:11:27.186114,649968,1609506150567698,3750480137,0.894016,-0.066368,0.31232,-3.54375,-0.55125,-4.19125,-44.408,-30.320002,-69.4,concentric,4,5.0,39791.0,33465.0,87038.0,154539.0,39317.0,41043.0,38296.0,87624.0,26939.0,13627.0
2026-05-06 16:11:27.191661,649969,1609506150576653,3750488865,0.856928,-0.046848,0.247904,-4.06,-0.37625,-3.3775,-44.120003,-30.480001,-68.448006,concentric,4,5.0,39791.0,33465.0,87038.0,154539.0,39317.0,41043.0,38296.0,87624.0,26939.0,13627.0
2026-05-06 16:11:27.191760,649970,1609506150585668,3750497575,0.856928,-0.046848,0.247904,-7.175,-0.07875,-3.91125,-44.120003,-30.480001,-68.448006,concentric,4,5.0,39791.0,33465.0,87038.0,154539.0,39317.0,41043.0,38296.0,87624.0,26939.0,13627.0
2026-05-06 16:11:27.193603,649971,1609506150600199,3750512485,0.8784,-0.074176,0.3416,-7.67375,-0.42875,-3.64875,-44.432003,-30.536001,-68.496,concentric,4,5.0,39791.0,33465.0,87038.0,154539.0,39317.0,41043.0,38296.0,87624.0,26939.0,13627.0
2026-05-06 16:11:27.196249,649972,1609506150609382,3750521228,0.8784,-0.074176,0.3416,-5.4425,-1.35625,-2.56375,-44.432003,-30.536001,-68.496,concentric,4,5.0,39791.0,33465.0,87038.0,154539.0,39317.0,41043.0,38296.0,87624.0,26939.0,13627.0
2026-05-06 16:11:27.198769,649973,1609506150624184,3750536239,0.882304,-0.06832,0.271328,-2.35375,-2.2225,-1.72375,-44.112003,-30.240002,-68.456,concentric,4,5.0,39791.0,33465.0,87038.0,154539.0,39317.0,41043.0,38296.0,87624.0,26939.0,13627.0
2026-05-06 16:11:27.201253,649974,1609506150633112,3750544996,0.89792,-0.056608,0.308416,-0.67375,-2.40625,-1.07625,-44.296,-30.184002,-69.64001,concentric,4,5.0,39791.0,33465.0,87038.0,154539.0,39317.0,41043.0,38296.0,87624.0,26939.0,13627.0
2026-05-06 16:11:27.203811,649975,1609506150642057,3750553734,0.89792,-0.056608,0.308416,-0.16625,-2.555,-0.84,-44.296,-30.184002,-69.64001,concentric,4,5.0,39791.0,33465.0,87038.0,154539.0,39317.0,41043.0,38296.0,87624.0,26939.0,13627.0
2026-05-06 16:11:27.206257,649976,1609506150656626,3750568778,0.899872,-0.046848,0.300608,0.805,-2.82625,-0.86625,-44.488003,-30.032001,-68.248,concentric,4,5.0,39791.0,33465.0,87038.0,154539.0,39317.0,41043.0,38296.0,87624.0,26939.0,13627.0
2026-05-06 16:11:27.233697,649987,1609506150665730,3750577578,0.899872,-0.046848,0.300608,1.96875,-2.275,-0.5775,-44.488003,-30.032001,-68.248,concentric,4,5.0,39416.0,33323.0,87003.0,152849.0,38881.0,40847.0,38245.0,86793.0,26664.0,13517.0
2026-05-06 16:11:27.236437,649988,1609506150680367,3750592596,0.931104,-0.08784,0.316224,2.695,-2.00375,0.49,-44.24,-30.168001,-68.728004,concentric,4,5.0,39416.0,33323.0,87003.0,152849.0,38881.0,40847.0,38245.0,86793.0,26664.0,13517.0
2026-05-06 16:11:27.241617,649989,1609506150689516,3750601352,0.931104,-0.08784,0.316224,1.89,-1.6625,1.9775,-44.24,-30.168001,-68.728004,concentric,4,5.0,39416.0,33323.0,87003.0,152849.0,38881.0,40847.0,38245.0,86793.0,26664.0,13517.0
2026-05-06 16:11:27.247720,649990,1609506150698704,3750610093,0.931104,-0.105408,0.2928,-0.42,-1.435,2.8,-44.224003,-30.424002,-68.920006,concentric,4,5.0,39416.0,33323.0,87003.0,152849.0,38881.0,40847.0,38245.0,86793.0,26664.0,13517.0
2026-05-06 16:11:27.261482,649991,1609506150713194,3750625079,0.929152,-0.042944,0.296704,-0.105,-2.1175,4.27,-43.976,-29.760002,-70.560005,concentric,4,5.0,39416.0,33323.0,87003.0,152849.0,38881.0,40847.0,38245.0,86793.0,26664.0,13517.0
2026-05-06 16:11:27.270123,649992,1609506150722137,3750633806,0.929152,-0.042944,0.296704,0.49,-3.17625,5.18,-43.976,-29.760002,-70.560005,concentric,4,5.0,39416.0,33323.0,87003.0,152849.0,38881.0,40847.0,38245.0,86793.0,26664.0,13517.0
2026-05-06 16:11:27.283878,649993,1609506150736681,3750648873,0.911584,-0.037088,0.327936,1.54,-3.815,4.8125,-44.224003,-31.344002,-68.096,concentric,4,5.0,39416.0,33323.0,87003.0,152849.0,38881.0,40847.0,38245.0,86793.0,26664.0,13517.0
2026-05-06 16:11:27.297556,649994,1609506150745628,3750657595,0.911584,-0.037088,0.327936,1.9075,-3.4825,3.43875,-44.224003,-31.344002,-68.096,concentric,4,5.0,39416.0,33323.0,87003.0,152849.0,38881.0,40847.0,38245.0,86793.0,26664.0,13517.0
2026-05-06 16:11:27.336183,650005,1609506150760199,3750672786,0.88816,-0.076128,0.316224,0.37625,-2.77375,1.8025,-44.24,-30.056002,-69.856,concentric,4,5.0,39723.0,33472.0,87003.0,153832.0,39187.0,41006.0,38243.0,87246.0,26853.0,13584.0
2026-05-06 16:11:27.338811,650006,1609506150769178,3750681569,0.88816,-0.076128,0.316224,1.7325,-2.3975,1.05,-44.24,-30.056002,-69.856,concentric,4,5.0,39723.0,33472.0,87003.0,153832.0,39187.0,41006.0,38243.0,87246.0,26853.0,13584.0
2026-05-06 16:11:27.341354,650007,1609506150778185,3750690319,0.870592,-0.050752,0.37088,2.765,-2.52,0.595,-44.408,-31.456001,-68.28001,concentric,4,5.0,39723.0,33472.0,87003.0,153832.0,39187.0,41006.0,38243.0,87246.0,26853.0,13584.0
2026-05-06 16:11:27.343859,650008,1609506150792731,3750705382,0.870592,-0.050752,0.37088,2.94,-2.80875,0.95375,-44.408,-31.456001,-68.28001,concentric,4,5.0,39723.0,33472.0,87003.0,153832.0,39187.0,41006.0,38243.0,87246.0,26853.0,13584.0
2026-05-06 16:11:27.348629,650009,1609506150801687,3750714134,0.83936,-0.03904,0.32208,1.0325,-2.51125,0.32375,-44.168003,-31.512001,-67.496,concentric,4,5.0,39723.0,33472.0,87003.0,153832.0,39187.0,41006.0,38243.0,87246.0,26853.0,13584.0
2026-05-06 16:11:27.362565,650010,1609506150816208,3750727079,0.854976,-0.056608,0.347456,-3.2375,-2.0825,-1.82,-44.144,-29.552002,-69.512,concentric,4,5.0,39723.0,33472.0,87003.0,153832.0,39187.0,41006.0,38243.0,87246.0,26853.0,13584.0
2026-05-06 16:11:27.376433,650011,1609506150825528,3750737862,0.854976,-0.056608,0.347456,-3.63125,-1.70625,-2.5025,-44.144,-29.552002,-69.512,concentric,4,5.0,39723.0,33472.0,87003.0,153832.0,39187.0,41006.0,38243.0,87246.0,26853.0,13584.0
2026-05-06 16:11:27.382847,650012,1609506150834497,3750746598,0.856928,-0.085888,0.366976,-0.56875,-2.7825,-1.9775,-44.008003,-29.448002,-71.208,concentric,4,5.0,39723.0,33472.0,87003.0,153832.0,39187.0,41006.0,38243.0,87246.0,26853.0,13584.0
2026-05-06 16:11:27.422630,650013,1609506150848992,3750761567,0.856928,-0.085888,0.366976,2.2225,-3.955,-1.61,-44.008003,-29.448002,-71.208,concentric,4,5.0,39723.0,33472.0,87003.0,153832.0,39187.0,41006.0,38243.0,87246.0,26853.0,13584.0
2026-05-06 16:11:27.428861,650014,1609506150857968,3750770283,0.89792,-0.052704,0.36112,1.18125,-4.43625,-0.51625,-44.120003,-29.728,-69.232,concentric,4,5.0,39723.0,33472.0,87003.0,153832.0,39187.0,41006.0,38243.0,87246.0,26853.0,13584.0
2026-05-06 16:11:27.512483,650025,1609506150872565,3750785304,0.89792,-0.052704,0.36112,-5.495,-3.7275,-0.13125,-44.120003,-29.728,-69.232,concentric,4,5.0,40058.0,33638.0,87118.0,155218.0,39567.0,41165.0,38317.0,87894.0,27064.0,13680.0
2026-05-06 16:11:27.515027,650026,1609506150881547,3750794029,0.940864,-0.066368,0.281088,-12.985,-2.79125,-0.97125,-43.784,-29.328001,-70.28001,concentric,4,5.0,40058.0,33638.0,87118.0,155218.0,39567.0,41165.0,38317.0,87894.0,27064.0,13680.0
2026-05-06 16:11:27.517562,650027,1609506150896038,3750806970,0.890112,-0.1464,0.284992,-17.78875,-2.89625,-0.83125,-44.344,-29.256,-69.75201,concentric,4,5.0,40058.0,33638.0,87118.0,155218.0,39567.0,41165.0,38317.0,87894.0,27064.0,13680.0
2026-05-06 16:11:27.520003,650028,1609506150905403,3750817736,0.890112,-0.1464,0.284992,-13.67625,-6.02875,0.9975,-44.344,-29.256,-69.75201,concentric,4,5.0,40058.0,33638.0,87118.0,155218.0,39567.0,41165.0,38317.0,87894.0,27064.0,13680.0
2026-05-06 16:11:27.522562,650029,1609506150914354,3750826452,0.890112,-0.07808,0.2928,-2.52,-12.3725,4.68125,-44.344,-29.256,-67.704,concentric,4,5.0,40058.0,33638.0,87118.0,155218.0,39567.0,41165.0,38317.0,87894.0,27064.0,13680.0
2026-05-06 16:11:27.525072,650030,1609506150928955,3750841372,0.935008,-0.07808,0.2928,7.07875,-17.9725,8.28625,-44.176003,-30.832,-68.07201,concentric,4,5.0,40058.0,33638.0,87118.0,155218.0,39567.0,41165.0,38317.0,87894.0,27064.0,13680.0
2026-05-06 16:11:27.527597,650031,1609506150937857,3750850129,0.880352,-0.040992,0.363072,6.0025,-19.355,10.61375,-44.168003,-28.824001,-70.264,concentric,4,5.0,40058.0,33638.0,87118.0,155218.0,39567.0,41165.0,38317.0,87894.0,27064.0,13680.0
2026-05-06 16:11:27.530102,650032,1609506150952559,3750865097,0.880352,-0.040992,0.363072,-5.15375,-16.94875,9.415,-44.168003,-28.824001,-70.264,concentric,4,5.0,40058.0,33638.0,87118.0,155218.0,39567.0,41165.0,38317.0,87894.0,27064.0,13680.0
2026-05-06 16:11:27.563849,650043,1609506150961527,3750873869,0.812032,-0.10736,0.259616,-14.58625,-14.4725,7.07875,-43.816,-31.624,-69.048004,concentric,4,5.0,39863.0,33551.0,87303.0,154271.0,39335.0,41117.0,38378.0,87520.0,26973.0,13659.0
2026-05-06 16:11:27.566310,650044,1609506150970722,3750882925,0.812032,-0.10736,0.259616,-15.505,-13.92125,5.62625,-43.816,-31.624,-69.048004,concentric,4,5.0,39863.0,33551.0,87303.0,154271.0,39335.0,41117.0,38378.0,87520.0,26973.0,13659.0
2026-05-06 16:11:27.570600,650045,1609506150985281,3750897924,0.813984,-0.031232,0.244,-8.636251,-14.23625,5.64375,-44.072002,-32.152,-68.528,concentric,4,5.0,39863.0,33551.0,87303.0,154271.0,39335.0,41117.0,38378.0,87520.0,26973.0,13659.0
2026-05-06 16:11:27.571170,650046,1609506150994230,3750906665,0.813984,-0.031232,0.244,-3.185,-13.20375,4.71625,-44.072002,-32.152,-68.528,concentric,4,5.0,39863.0,33551.0,87303.0,154271.0,39335.0,41117.0,38378.0,87520.0,26973.0,13659.0
2026-05-06 16:11:27.573691,650047,1609506151008849,3750919654,0.821792,-0.02928,0.281088,-4.41,-9.511251,0.875,-43.848003,-32.352,-68.656006,concentric,4,5.0,39863.0,33551.0,87303.0,154271.0,39335.0,41117.0,38378.0,87520.0,26973.0,13659.0
2026-05-06 16:11:27.579074,650048,1609506151018171,3750930452,0.856928,-0.08784,0.265472,-6.65875,-5.5475,-2.5025,-43.896004,-31.536001,-69.456,concentric,4,5.0,39863.0,33551.0,87303.0,154271.0,39335.0,41117.0,38378.0,87520.0,26973.0,13659.0
2026-05-06 16:11:27.579192,650049,1609506151027121,3750939187,0.856928,-0.08784,0.265472,-10.01875,-2.47625,-4.50625,-43.896004,-31.536001,-69.456,concentric,4,5.0,39863.0,33551.0,87303.0,154271.0,39335.0,41117.0,38378.0,87520.0,26973.0,13659.0
2026-05-06 16:11:27.592563,650050,1609506151041696,3750954100,0.815936,-0.07808,0.206912,-13.0725,0.51625,-6.78125,-43.800003,-29.256,-69.560005,concentric,4,5.0,39863.0,33551.0,87303.0,154271.0,39335.0,41117.0,38378.0,87520.0,26973.0,13659.0
2026-05-06 16:11:27.598853,650051,1609506151050822,3750963026,0.815936,-0.07808,0.206912,-12.215,1.49625,-8.198751,-43.800003,-29.256,-69.560005,concentric,4,5.0,39863.0,33551.0,87303.0,154271.0,39335.0,41117.0,38378.0,87520.0,26973.0,13659.0
2026-05-06 16:11:27.640212,650062,1609506151065419,3750978034,0.79056,-0.033184,0.238144,-10.08875,1.82,-8.39125,-43.496002,-30.712002,-69.176,concentric,4,5.0,40193.0,33672.0,87367.0,156090.0,39682.0,41232.0,38413.0,88362.0,27188.0,13730.0
2026-05-06 16:11:27.645175,650063,1609506151074425,3750986760,0.79056,-0.033184,0.238144,-9.135,3.15,-10.386251,-43.496002,-30.712002,-69.176,concentric,4,5.0,40193.0,33672.0,87367.0,156090.0,39682.0,41232.0,38413.0,88362.0,27188.0,13730.0
2026-05-06 16:11:27.647681,650064,1609506151083460,3750995577,0.882304,-0.070272,0.267424,-9.10875,5.15375,-11.29625,-43.68,-31.080002,-69.816,concentric,4,5.0,40193.0,33672.0,87367.0,156090.0,39682.0,41232.0,38413.0,88362.0,27188.0,13730.0
2026-05-06 16:11:27.650063,650065,1609506151097966,3751010503,0.854976,-0.121024,0.230336,-12.6175,7.945,-11.480001,-43.624,-30.288002,-70.288,concentric,4,5.0,40193.0,33672.0,87367.0,156090.0,39682.0,41232.0,38413.0,88362.0,27188.0,13730.0
2026-05-06 16:11:27.656418,650066,1609506151106930,3751019248,0.854976,-0.121024,0.230336,-14.945,8.995,-12.0575,-43.624,-30.288002,-70.288,concentric,4,5.0,40193.0,33672.0,87367.0,156090.0,39682.0,41232.0,38413.0,88362.0,27188.0,13730.0
2026-05-06 16:11:27.678655,650067,1609506151121699,3751034151,0.915488,-0.12688,0.158112,-11.1125,7.91,-11.445,-43.368004,-32.008003,-67.848,concentric,4,5.0,40193.0,33672.0,87367.0,156090.0,39682.0,41232.0,38413.0,88362.0,27188.0,13730.0
2026-05-06 16:11:27.681195,650068,1609506151130648,3751042895,0.915488,-0.12688,0.158112,-1.6275,4.7775,-9.03,-43.368004,-32.008003,-67.848,concentric,4,5.0,40193.0,33672.0,87367.0,156090.0,39682.0,41232.0,38413.0,88362.0,27188.0,13730.0
2026-05-06 16:11:27.694958,650069,1609506151145154,3751057823,0.874496,-0.093696,0.216672,3.1675,1.53125,-5.7225,-43.480003,-29.504002,-70.176,concentric,4,5.0,40193.0,33672.0,87367.0,156090.0,39682.0,41232.0,38413.0,88362.0,27188.0,13730.0
2026-05-06 16:11:27.703922,650070,1609506151154070,3751066556,0.874496,-0.093696,0.216672,-0.6475,0.37625,-4.095,-43.480003,-29.504002,-70.176,concentric,4,5.0,40193.0,33672.0,87367.0,156090.0,39682.0,41232.0,38413.0,88362.0,27188.0,13730.0
2026-05-06 16:11:27.737287,650081,1609506151163030,3751075635,0.870592,-0.158112,0.220576,-7.35875,1.6275,-4.3925,-43.304,-29.776001,-70.672005,concentric,4,5.0,40151.0,33660.0,87399.0,155481.0,39638.0,41210.0,38412.0,88085.0,27145.0,13705.0
2026-05-06 16:11:27.762506,650082,1609506151177740,3751088522,0.933056,-0.05856,0.277184,-8.89875,2.485,-3.91125,-43.584003,-29.368002,-70.37601,concentric,4,5.0,40151.0,33660.0,87399.0,155481.0,39638.0,41210.0,38412.0,88085.0,27145.0,13705.0
2026-05-06 16:11:27.776244,650083,1609506151187235,3751099410,0.933056,-0.05856,0.277184,-3.71875,2.87,-3.42125,-43.584003,-29.368002,-70.37601,concentric,4,5.0,40151.0,33660.0,87399.0,155481.0,39638.0,41210.0,38412.0,88085.0,27145.0,13705.0
2026-05-06 16:11:27.782283,650084,1609506151201760,3751114337,0.85888,-0.005856,0.269376,-2.37125,4.29625,-3.01,-43.192,-29.624,-69.344,concentric,4,5.0,40151.0,33660.0,87399.0,155481.0,39638.0,41210.0,38412.0,88085.0,27145.0,13705.0
2026-05-06 16:11:27.807653,650085,1609506151210732,3751123206,0.85888,-0.005856,0.269376,-5.8625,6.72875,-6.6325,-43.192,-29.624,-69.344,concentric,4,5.0,40151.0,33660.0,87399.0,155481.0,39638.0,41210.0,38412.0,88085.0,27145.0,13705.0
2026-05-06 16:11:27.832467,650086,1609506151219673,3751131929,0.837408,-0.054656,0.201056,-5.8975,9.1875,-9.905,-43.52,-29.768002,-70.136,concentric,4,5.0,40151.0,33660.0,87399.0,155481.0,39638.0,41210.0,38412.0,88085.0,27145.0,13705.0
2026-05-06 16:11:27.864752,650087,1609506151234188,3751146913,0.837408,-0.054656,0.201056,-2.26625,10.43875,-11.20875,-43.52,-29.768002,-70.136,concentric,4,5.0,40151.0,33660.0,87399.0,155481.0,39638.0,41210.0,38412.0,88085.0,27145.0,13705.0
2026-05-06 16:11:27.864942,650088,1609506151243133,3751155624,0.880352,-0.056608,0.339648,4.34875,11.8125,-10.85,-43.688004,-30.608002,-70.232,concentric,4,5.0,40151.0,33660.0,87399.0,155481.0,39638.0,41210.0,38412.0,88085.0,27145.0,13705.0
2026-05-06 16:11:27.867425,650089,1609506151257622,3751168490,0.8784,-0.101504,0.345504,4.45375,14.07,-10.31625,-43.264004,-29.880001,-68.672005,concentric,4,5.0,40151.0,33660.0,87399.0,155481.0,39638.0,41210.0,38412.0,88085.0,27145.0,13705.0
2026-05-06 16:11:27.905064,650100,1609506151267579,3751179371,0.8784,-0.101504,0.345504,1.21625,17.10625,-11.66375,-43.264004,-29.880001,-68.672005,concentric,4,5.0,39605.0,33416.0,87125.0,153181.0,39054.0,40941.0,38250.0,86992.0,26778.0,13554.0
2026-05-06 16:11:27.907537,650101,1609506151276533,3751188132,0.8784,-0.101504,0.345504,-1.4525,18.865,-12.29375,-43.264004,-29.880001,-68.672005,concentric,4,5.0,39605.0,33416.0,87125.0,153181.0,39054.0,40941.0,38250.0,86992.0,26778.0,13554.0
2026-05-06 16:11:27.910095,650102,1609506151291067,3751203074,0.862784,-0.074176,0.339648,1.98625,18.59375,-11.97875,-43.128002,-30.12,-68.0,concentric,4,5.0,39605.0,33416.0,87125.0,153181.0,39054.0,40941.0,38250.0,86992.0,26778.0,13554.0
2026-05-06 16:11:27.912649,650103,1609506151300010,3751211833,0.817888,-0.02928,0.335744,5.3375,16.616251,-10.0275,-43.232002,-29.904001,-69.416,concentric,4,5.0,39605.0,33416.0,87125.0,153181.0,39054.0,40941.0,38250.0,86992.0,26778.0,13554.0
2026-05-06 16:11:27.915075,650104,1609506151314489,3751226735,0.817888,-0.02928,0.335744,3.94625,15.2425,-9.205,-43.232002,-29.904001,-69.416,concentric,4,5.0,39605.0,33416.0,87125.0,153181.0,39054.0,40941.0,38250.0,86992.0,26778.0,13554.0
2026-05-06 16:11:27.921453,650105,1609506151323408,3751235537,0.892064,-0.025376,0.359168,1.8725,14.6825,-9.44125,-43.528004,-33.920002,-68.208,concentric,4,5.0,39605.0,33416.0,87125.0,153181.0,39054.0,40941.0,38250.0,86992.0,26778.0,13554.0
2026-05-06 16:11:27.924010,650106,1609506151332428,3751244345,0.892064,-0.025376,0.359168,2.00375,13.13375,-7.93625,-43.528004,-33.920002,-68.208,concentric,4,5.0,39605.0,33416.0,87125.0,153181.0,39054.0,40941.0,38250.0,86992.0,26778.0,13554.0
2026-05-06 16:11:27.926418,650107,1609506151346897,3751259276,0.837408,-0.00976,0.310368,7.14,10.01875,-5.04,-43.392002,-33.728,-68.536,concentric,4,5.0,39605.0,33416.0,87125.0,153181.0,39054.0,40941.0,38250.0,86992.0,26778.0,13554.0
2026-05-06 16:11:27.928941,650108,1609506151355891,3751268050,0.837408,-0.00976,0.310368,12.87125,6.685,-1.53125,-43.392002,-33.728,-68.536,concentric,4,5.0,39605.0,33416.0,87125.0,153181.0,39054.0,40941.0,38250.0,86992.0,26778.0,13554.0
2026-05-06 16:11:27.956185,650119,1609506151370657,3751283096,0.77104,-0.013664,0.357216,11.55,3.78875,0.60375,-43.24,-31.896002,-68.872,concentric,4,5.0,40352.0,33517.0,87152.0,156446.0,39850.0,41007.0,38245.0,88527.0,27261.0,13602.0
2026-05-06 16:11:27.961976,650120,1609506151379641,3751291872,0.8296,-0.033184,0.329888,8.60125,2.16125,1.35625,-43.504,-31.032001,-68.408005,concentric,4,5.0,40352.0,33517.0,87152.0,156446.0,39850.0,41007.0,38245.0,88527.0,27261.0,13602.0
2026-05-06 16:11:27.962765,650121,1609506151394253,3751306865,0.8296,-0.033184,0.329888,4.15625,1.39125,0.91,-43.504,-31.032001,-68.408005,concentric,4,5.0,40352.0,33517.0,87152.0,156446.0,39850.0,41007.0,38245.0,88527.0,27261.0,13602.0
2026-05-06 16:11:27.963585,650122,1609506151403181,3751315712,0.769088,-0.00976,0.294752,4.05125,1.3475,0.875,-43.304,-31.624,-68.504005,concentric,4,5.0,40352.0,33517.0,87152.0,156446.0,39850.0,41007.0,38245.0,88527.0,27261.0,13602.0
2026-05-06 16:11:27.966084,650123,1609506151412181,3751324467,0.769088,-0.00976,0.294752,6.0375,1.61875,2.275,-43.304,-31.624,-68.504005,concentric,4,5.0,40352.0,33517.0,87152.0,156446.0,39850.0,41007.0,38245.0,88527.0,27261.0,13602.0
2026-05-06 16:11:27.978473,650124,1609506151426809,3751339490,0.763232,-0.050752,0.368928,4.68125,3.0275,2.03,-43.216003,-31.976002,-68.784004,concentric,4,5.0,40352.0,33517.0,87152.0,156446.0,39850.0,41007.0,38245.0,88527.0,27261.0,13602.0
2026-05-06 16:11:27.984751,650125,1609506151435745,3751348197,0.763232,-0.050752,0.368928,0.9975,6.23,1.35625,-43.216003,-31.976002,-68.784004,concentric,4,5.0,40352.0,33517.0,87152.0,156446.0,39850.0,41007.0,38245.0,88527.0,27261.0,13602.0
2026-05-06 16:11:27.999891,650126,1609506151450364,3751363096,0.772992,-0.023424,0.314272,-2.91375,9.1875,0.27125,-43.616,-31.496002,-67.584,concentric,4,5.0,40352.0,33517.0,87152.0,156446.0,39850.0,41007.0,38245.0,88527.0,27261.0,13602.0
2026-05-06 16:11:28.008849,650127,1609506151459450,3751371844,0.74176,0.003904,0.281088,-3.395,11.34875,-0.11375,-43.336002,-29.776001,-69.96001,concentric,4,5.0,40352.0,33517.0,87152.0,156446.0,39850.0,41007.0,38245.0,88527.0,27261.0,13602.0
2026-05-06 16:11:28.039879,650138,1609506151468845,3751380610,0.74176,0.003904,0.281088,-0.245,12.10125,-1.7675,-43.336002,-29.776001,-69.96001,concentric,4,5.0,40274.0,33433.0,87195.0,156386.0,39797.0,40936.0,38257.0,88536.0,27234.0,13619.0
2026-05-06 16:11:28.046377,650139,1609506151483523,3751395741,0.853024,-0.060512,0.36112,2.59875,13.877501,-2.1525,-43.192,-29.992,-69.704,concentric,4,5.0,40274.0,33433.0,87195.0,156386.0,39797.0,40936.0,38257.0,88536.0,27234.0,13619.0
2026-05-06 16:11:28.046541,650140,1609506151492478,3751404485,0.853024,-0.060512,0.36112,2.72125,15.4875,-2.73875,-43.192,-29.992,-69.704,concentric,4,5.0,40274.0,33433.0,87195.0,156386.0,39797.0,40936.0,38257.0,88536.0,27234.0,13619.0
2026-05-06 16:11:28.056354,650141,1609506151507056,3751419471,0.753472,-0.111264,0.298656,-1.02375,15.6975,-3.59625,-43.528004,-29.816002,-69.560005,concentric,4,5.0,40274.0,33433.0,87195.0,156386.0,39797.0,40936.0,38257.0,88536.0,27234.0,13619.0
2026-05-06 16:11:28.065251,650142,1609506151515997,3751428198,0.753472,-0.111264,0.298656,1.14625,13.79,-2.94875,-43.528004,-29.816002,-69.560005,concentric,4,5.0,40274.0,33433.0,87195.0,156386.0,39797.0,40936.0,38257.0,88536.0,27234.0,13619.0
2026-05-06 16:11:28.075164,650143,1609506151524948,3751436896,0.802272,-0.044896,0.417728,9.19625,9.66875,-0.04375,-43.432003,-29.512001,-69.07201,concentric,4,5.0,40274.0,33433.0,87195.0,156386.0,39797.0,40936.0,38257.0,88536.0,27234.0,13619.0
2026-05-06 16:11:28.087662,650144,1609506151539502,3751452015,0.862784,-0.10736,0.460672,8.8375,9.1,3.17625,-43.432003,-29.448002,-69.07201,concentric,4,5.0,40274.0,33433.0,87195.0,156386.0,39797.0,40936.0,38257.0,88536.0,27234.0,13619.0
2026-05-06 16:11:28.098858,650145,1609506151548402,3751460718,0.862784,-0.10736,0.460672,-1.575,12.4075,2.0825,-43.704002,-29.448002,-69.07201,concentric,4,5.0,40274.0,33433.0,87195.0,156386.0,39797.0,40936.0,38257.0,88536.0,27234.0,13619.0
2026-05-06 16:11:28.112743,650146,1609506151563072,3751475776,0.739808,-0.050752,0.423584,-10.5175,15.198751,-0.02625,-43.888,-31.136002,-69.37601,concentric,4,5.0,40274.0,33433.0,87195.0,156386.0,39797.0,40936.0,38257.0,88536.0,27234.0,13619.0
2026-05-06 16:11:28.141649,650157,1609506151572172,3751484518,0.739808,-0.050752,0.423584,-7.58625,14.1225,0.0175,-43.888,-31.136002,-69.37601,concentric,4,5.0,40198.0,33368.0,87388.0,156283.0,39721.0,40843.0,38377.0,88526.0,27203.0,13584.0
2026-05-06 16:11:28.142240,650158,1609506151586727,3751497541,0.728096,0.046848,0.366976,3.4125,9.86125,0.02625,-43.592003,-31.056002,-70.144005,concentric,4,5.0,40198.0,33368.0,87388.0,156283.0,39721.0,40843.0,38377.0,88526.0,27203.0,13584.0
2026-05-06 16:11:28.144773,650159,1609506151596147,3751508356,0.728096,0.046848,0.366976,8.715,7.00875,-0.9975,-43.592003,-31.056002,-70.144005,concentric,4,5.0,40198.0,33368.0,87388.0,156283.0,39721.0,40843.0,38377.0,88526.0,27203.0,13584.0
2026-05-06 16:11:28.173839,650160,1609506151605103,3751517055,0.817888,-0.085888,0.425536,3.745,8.81125,-3.50875,-43.768,-31.632002,-66.48801,concentric,4,5.0,40198.0,33368.0,87388.0,156283.0,39721.0,40843.0,38377.0,88526.0,27203.0,13584.0
2026-05-06 16:11:28.198807,650161,1609506151619627,3751532104,0.817888,-0.099552,0.425536,-7.70875,11.4625,-5.915,-43.768,-31.632002,-66.48801,concentric,4,5.0,40198.0,33368.0,87388.0,156283.0,39721.0,40843.0,38377.0,88526.0,27203.0,13584.0
2026-05-06 16:11:28.217501,650162,1609506151628538,3751540813,0.763232,-0.099552,0.425536,-9.66875,11.68125,-6.335,-43.88,-29.584002,-70.792,concentric,4,5.0,40198.0,33368.0,87388.0,156283.0,39721.0,40843.0,38377.0,88526.0,27203.0,13584.0
2026-05-06 16:11:28.220206,650163,1609506151643160,3751555838,0.726144,-0.017568,0.40016,-4.655,8.39125,-4.73375,-43.848003,-29.816002,-68.704,concentric,4,5.0,40198.0,33368.0,87388.0,156283.0,39721.0,40843.0,38377.0,88526.0,27203.0,13584.0
2026-05-06 16:11:28.222752,650164,1609506151652098,3751564542,0.726144,-0.017568,0.40016,-0.18375,6.01125,-4.66375,-43.848003,-29.816002,-68.704,concentric,4,5.0,40198.0,33368.0,87388.0,156283.0,39721.0,40843.0,38377.0,88526.0,27203.0,13584.0
2026-05-06 16:11:28.225179,650165,1609506151661149,3751573271,0.730048,-0.103456,0.40992,-2.8175,6.09875,-4.69,-43.936,-29.736002,-68.112,concentric,4,5.0,40198.0,33368.0,87388.0,156283.0,39721.0,40843.0,38377.0,88526.0,27203.0,13584.0
2026-05-06 16:11:28.252512,650176,1609506151675670,3751588266,0.730048,-0.103456,0.40992,-8.07625,7.49875,-5.04,-43.936,-29.736002,-68.112,concentric,4,5.0,39964.0,33279.0,87169.0,155135.0,39468.0,40811.0,38290.0,87946.0,27022.0,13549.0
2026-05-06 16:11:28.255013,650177,1609506151684677,3751597020,0.772992,-0.033184,0.40016,-8.4525,8.16375,-5.0575,-43.632004,-31.688002,-67.336006,concentric,4,5.0,39964.0,33279.0,87169.0,155135.0,39468.0,40811.0,38290.0,87946.0,27022.0,13549.0
2026-05-06 16:11:28.257511,650178,1609506151699191,3751610050,0.772992,-0.033184,0.40016,-0.74375,6.2825,-3.29,-43.632004,-31.688002,-67.336006,concentric,4,5.0,39964.0,33279.0,87169.0,155135.0,39468.0,40811.0,38290.0,87946.0,27022.0,13549.0
2026-05-06 16:11:28.260019,650179,1609506151708505,3751620883,0.77104,0.005856,0.476288,1.42625,6.01125,-3.78,-43.696003,-31.584002,-67.376,concentric,4,5.0,39964.0,33279.0,87169.0,155135.0,39468.0,40811.0,38290.0,87946.0,27022.0,13549.0
2026-05-06 16:11:28.266088,650180,1609506151717471,3751629570,0.77104,0.005856,0.476288,-6.27375,8.42625,-7.70875,-43.696003,-31.584002,-67.376,concentric,4,5.0,39964.0,33279.0,87169.0,155135.0,39468.0,40811.0,38290.0,87946.0,27022.0,13549.0
2026-05-06 16:11:28.280048,650181,1609506151731995,3751644569,0.802272,-0.083936,0.431392,-11.52375,10.465,-9.80875,-43.512,-31.920002,-68.416,concentric,4,5.0,39964.0,33279.0,87169.0,155135.0,39468.0,40811.0,38290.0,87946.0,27022.0,13549.0
2026-05-06 16:11:28.289021,650182,1609506151741075,3751653283,0.837408,-0.01952,0.382592,-8.4525,11.1125,-10.26375,-43.528004,-30.12,-68.192,concentric,4,5.0,39964.0,33279.0,87169.0,155135.0,39468.0,40811.0,38290.0,87946.0,27022.0,13549.0
2026-05-06 16:11:28.312454,650183,1609506151755593,3751668208,0.837408,-0.01952,0.382592,0.11375,9.86125,-9.10875,-43.528004,-30.12,-68.192,concentric,4,5.0,39964.0,33279.0,87169.0,155135.0,39468.0,40811.0,38290.0,87946.0,27022.0,13549.0
2026-05-06 16:11:28.314675,650184,1609506151764547,3751676929,0.815936,-0.017568,0.396256,5.1625,9.0825,-8.53125,-43.488003,-30.232002,-67.872,concentric,4,5.0,39964.0,33279.0,87169.0,155135.0,39468.0,40811.0,38290.0,87946.0,27022.0,13549.0
2026-05-06 16:11:28.342338,650195,1609506151779325,3751692028,0.815936,-0.017568,0.396256,4.47125,9.31875,-10.255,-43.488003,-30.232002,-67.872,concentric,4,5.0,39709.0,33172.0,87082.0,154424.0,39181.0,40671.0,38273.0,87522.0,26852.0,13479.0
2026-05-06 16:11:28.344853,650196,1609506151788301,3751700858,0.825696,-0.085888,0.491904,-0.805,10.167501,-11.27,-43.872,-30.512001,-67.144005,concentric,4,5.0,39709.0,33172.0,87082.0,154424.0,39181.0,40671.0,38273.0,87522.0,26852.0,13479.0
2026-05-06 16:11:28.347601,650197,1609506151797236,3751709583,0.825696,-0.085888,0.491904,-2.89625,10.00125,-10.115,-43.872,-30.512001,-67.144005,concentric,4,5.0,39709.0,33172.0,87082.0,154424.0,39181.0,40671.0,38273.0,87522.0,26852.0,13479.0
2026-05-06 16:11:28.361411,650198,1609506151811802,3751724571,0.792512,-0.040992,0.394304,-2.14375,7.4375,-7.46375,-43.416,-30.696001,-68.112,concentric,4,5.0,39709.0,33172.0,87082.0,154424.0,39181.0,40671.0,38273.0,87522.0,26852.0,13479.0
2026-05-06 16:11:28.373881,650199,1609506151820879,3751733270,0.792512,-0.040992,0.40992,-2.38,4.82125,-5.005,-43.416,-30.696001,-68.112,concentric,4,5.0,39709.0,33172.0,87082.0,154424.0,39181.0,40671.0,38273.0,87522.0,26852.0,13479.0
2026-05-06 16:11:28.408890,650200,1609506151835394,3751746209,0.79056,-0.05856,0.41968,-3.87625,3.42125,-5.04875,-43.744003,-32.184002,-67.48801,concentric,4,5.0,39709.0,33172.0,87082.0,154424.0,39181.0,40671.0,38273.0,87522.0,26852.0,13479.0
2026-05-06 16:11:28.411417,650201,1609506151844628,3751756984,0.798368,-0.046848,0.40992,-2.66,2.66875,-4.82125,-43.776,-30.552002,-67.968,concentric,4,5.0,39709.0,33172.0,87082.0,154424.0,39181.0,40671.0,38273.0,87522.0,26852.0,13479.0
2026-05-06 16:11:28.416250,650202,1609506151853526,3751765683,0.798368,-0.046848,0.40992,-0.62125,1.5575,-2.66875,-43.776,-30.552002,-67.968,concentric,4,5.0,39709.0,33172.0,87082.0,154424.0,39181.0,40671.0,38273.0,87522.0,26852.0,13479.0
2026-05-06 16:11:28.443571,650213,1609506151868160,3751780803,0.806176,-0.025376,0.45872,1.19875,0.91875,-1.7325,-43.88,-30.208002,-67.736,concentric,4,5.0,39117.0,32923.0,86901.0,152058.0,38531.0,40396.0,38162.0,86350.0,26429.0,13329.0
2026-05-06 16:11:28.446879,650214,1609506151877584,3751789772,0.806176,-0.025376,0.45872,0.5075,1.04125,-0.04375,-43.88,-30.208002,-67.736,concentric,4,5.0,39117.0,32923.0,86901.0,152058.0,38531.0,40396.0,38162.0,86350.0,26429.0,13329.0
2026-05-06 16:11:28.448749,650215,1609506151892151,3751804725,0.79056,0.005856,0.441152,-2.17,0.88375,-0.04375,-43.800003,-31.736002,-66.864006,concentric,4,5.0,39117.0,32923.0,86901.0,152058.0,38531.0,40396.0,38162.0,86350.0,26429.0,13329.0
2026-05-06 16:11:28.455024,650216,1609506151901351,3751813506,0.79056,0.005856,0.441152,-5.915,1.18125,-0.07875,-43.800003,-31.736002,-66.864006,concentric,4,5.0,39117.0,32923.0,86901.0,152058.0,38531.0,40396.0,38162.0,86350.0,26429.0,13329.0
2026-05-06 16:11:28.458818,650217,1609506151910340,3751822251,0.802272,-0.062464,0.372832,-6.36125,1.435,-1.96875,-44.016003,-31.728,-67.16801,concentric,4,5.0,39117.0,32923.0,86901.0,152058.0,38531.0,40396.0,38162.0,86350.0,26429.0,13329.0
2026-05-06 16:11:28.496242,650218,1609506151924820,3751837158,0.827648,-0.025376,0.435296,0.18375,0.245,-1.88125,-43.712,-30.12,-67.712006,concentric,4,5.0,39117.0,32923.0,86901.0,152058.0,38531.0,40396.0,38162.0,86350.0,26429.0,13329.0
2026-05-06 16:11:28.498602,650219,1609506151933717,3751845887,0.827648,-0.025376,0.435296,4.7775,-1.05875,0.0,-43.712,-30.12,-67.712006,concentric,4,5.0,39117.0,32923.0,86901.0,152058.0,38531.0,40396.0,38162.0,86350.0,26429.0,13329.0
2026-05-06 16:11:28.501297,650220,1609506151948282,3751860810,0.796416,-0.054656,0.46848,2.47625,-1.00625,-0.9275,-43.744003,-30.320002,-67.816,concentric,4,5.0,39117.0,32923.0,86901.0,152058.0,38531.0,40396.0,38162.0,86350.0,26429.0,13329.0
2026-05-06 16:11:28.505157,650221,1609506151957202,3751869505,0.796416,-0.054656,0.46848,-3.78875,-0.665,-2.38,-43.744003,-30.320002,-67.816,concentric,4,5.0,39117.0,32923.0,86901.0,152058.0,38531.0,40396.0,38162.0,86350.0,26429.0,13329.0
2026-05-06 16:11:28.608936,650232,1609506151971975,3751884593,0.782752,-0.066368,0.427488,-6.18625,-0.8575,-2.16125,-43.68,-30.488,-67.984,eccentric,4,5.0,39137.0,32928.0,86770.0,152029.0,38538.0,40378.0,38110.0,86337.0,26421.0,13324.0
2026-05-06 16:11:28.614195,650233,1609506151980989,3751893335,0.782752,-0.066368,0.427488,-1.54875,-2.98375,-1.0675,-43.68,-30.488,-67.984,eccentric,4,5.0,39137.0,32928.0,86770.0,152029.0,38538.0,40378.0,38110.0,86337.0,26421.0,13324.0
2026-05-06 16:11:28.614734,650234,1609506151989905,3751902173,0.792512,-0.005856,0.435296,4.68125,-5.3725,0.4025,-43.952003,-29.896002,-69.976006,eccentric,4,5.0,39137.0,32928.0,86770.0,152029.0,38538.0,40378.0,38110.0,86337.0,26421.0,13324.0
2026-05-06 16:11:28.616202,650235,1609506152004377,3751917082,0.813984,-0.046848,0.480192,5.8625,-6.265,0.58625,-43.984,-29.816002,-66.648,eccentric,4,5.0,39137.0,32928.0,86770.0,152029.0,38538.0,40378.0,38110.0,86337.0,26421.0,13324.0
2026-05-06 16:11:28.618647,650236,1609506152013282,3751925771,0.813984,-0.046848,0.480192,0.41125,-5.41625,-0.7875,-43.984,-29.816002,-66.648,eccentric,4,5.0,39137.0,32928.0,86770.0,152029.0,38538.0,40378.0,38110.0,86337.0,26421.0,13324.0
2026-05-06 16:11:28.625547,650237,1609506152027871,3751938638,0.794464,-0.074176,0.47824,-5.985,-4.40125,-2.3275,-43.656002,-30.920002,-66.928,eccentric,4,5.0,39137.0,32928.0,86770.0,152029.0,38538.0,40378.0,38110.0,86337.0,26421.0,13324.0
2026-05-06 16:11:28.625642,650238,1609506152037076,3751949427,0.794464,-0.074176,0.47824,-6.2475,-4.89125,-2.66875,-43.656002,-30.920002,-66.928,eccentric,4,5.0,39137.0,32928.0,86770.0,152029.0,38538.0,40378.0,38110.0,86337.0,26421.0,13324.0
2026-05-06 16:11:28.626221,650239,1609506152046106,3751958137,0.759328,-0.01952,0.423584,-3.56125,-5.88,-2.0475,-43.960003,-31.504002,-67.152,eccentric,4,5.0,39137.0,32928.0,86770.0,152029.0,38538.0,40378.0,38110.0,86337.0,26421.0,13324.0
2026-05-06 16:11:28.628461,650240,1609506152060650,3751973095,0.759328,-0.01952,0.423584,-0.34125,-7.245,-2.4675,-43.960003,-31.504002,-67.152,eccentric,4,5.0,39137.0,32928.0,86770.0,152029.0,38538.0,40378.0,38110.0,86337.0,26421.0,13324.0
2026-05-06 16:11:28.662641,650251,1609506152069693,3751981812,0.784704,-0.02928,0.40992,-0.035,-8.19,-4.05125,-43.760002,-29.640001,-68.600006,eccentric,4,5.0,39504.0,33074.0,86763.0,153725.0,38948.0,40517.0,38104.0,87103.0,26674.0,13404.0
2026-05-06 16:11:28.665046,650252,1609506152084684,3751996786,0.81008,-0.060512,0.454816,-1.56625,-8.07625,-5.425,-43.624,-31.712002,-66.496,eccentric,4,5.0,39504.0,33074.0,86763.0,153725.0,38948.0,40517.0,38104.0,87103.0,26674.0,13404.0
2026-05-06 16:11:28.667567,650253,1609506152093718,3752005542,0.81008,-0.060512,0.454816,-4.33125,-7.20125,-6.2825,-43.624,-31.712002,-66.496,eccentric,4,5.0,39504.0,33074.0,86763.0,153725.0,38948.0,40517.0,38104.0,87103.0,26674.0,13404.0
2026-05-06 16:11:28.670163,650254,1609506152102800,3752014326,0.81008,-0.060512,0.454816,-5.53875,-7.0175,-6.23,-43.624,-31.712002,-66.496,eccentric,4,5.0,39504.0,33074.0,86763.0,153725.0,38948.0,40517.0,38104.0,87103.0,26674.0,13404.0
2026-05-06 16:11:28.672673,650255,1609506152117313,3752029255,0.81008,-0.062464,0.445056,-4.5675,-7.8575,-5.29375,-44.064003,-33.624,-63.968002,eccentric,4,5.0,39504.0,33074.0,86763.0,153725.0,38948.0,40517.0,38104.0,87103.0,26674.0,13404.0
2026-05-06 16:11:28.675195,650256,1609506152126326,3752037997,0.774944,-0.033184,0.37088,-3.535,-9.42375,-4.0775,-43.496002,-30.368002,-68.288,eccentric,4,5.0,39504.0,33074.0,86763.0,153725.0,38948.0,40517.0,38104.0,87103.0,26674.0,13404.0
2026-05-06 16:11:28.688927,650257,1609506152140835,3752052944,0.774944,-0.033184,0.37088,-3.7975,-11.06,-3.45625,-43.496002,-30.368002,-68.288,eccentric,4,5.0,39504.0,33074.0,86763.0,153725.0,38948.0,40517.0,38104.0,87103.0,26674.0,13404.0
2026-05-06 16:11:28.698877,650258,1609506152149753,3752061633,0.772992,-0.035136,0.392352,-6.1075,-12.425,-3.4475,-43.616,-30.12,-68.48,eccentric,4,5.0,39504.0,33074.0,86763.0,153725.0,38948.0,40517.0,38104.0,87103.0,26674.0,13404.0
2026-05-06 16:11:28.715631,650259,1609506152164281,3752076606,0.821792,-0.064416,0.378688,-9.54625,-12.11875,-4.2525,-43.792004,-30.296001,-67.784004,eccentric,4,5.0,39504.0,33074.0,86763.0,153725.0,38948.0,40517.0,38104.0,87103.0,26674.0,13404.0
2026-05-06 16:11:28.745059,650271,1609506152173738,3752085881,0.821792,-0.064416,0.378688,-11.27,-11.54125,-5.36375,-43.792004,-30.296001,-67.784004,eccentric,4,5.0,39393.0,33043.0,86778.0,153302.0,38814.0,40512.0,38165.0,86921.0,26598.0,13383.0
2026-05-06 16:11:28.747661,650272,1609506152182987,3752094759,0.821792,-0.064416,0.378688,-9.5025,-10.2025,-4.8475,-43.792004,-30.296001,-67.784004,eccentric,4,5.0,39393.0,33043.0,86778.0,153302.0,38814.0,40512.0,38165.0,86921.0,26598.0,13383.0
2026-05-06 16:11:28.750138,650273,1609506152197575,3752109751,0.802272,-0.052704,0.35136,-7.35875,-10.03625,-4.8125,-43.536003,-31.512001,-68.664,eccentric,4,5.0,39393.0,33043.0,86778.0,153302.0,38814.0,40512.0,38165.0,86921.0,26598.0,13383.0
2026-05-06 16:11:28.756386,650274,1609506152206509,3752118457,0.782752,-0.007808,0.353312,-2.96625,-11.06,-5.11875,-43.368004,-31.728,-67.36,eccentric,4,5.0,39393.0,33043.0,86778.0,153302.0,38814.0,40512.0,38165.0,86921.0,26598.0,13383.0
2026-05-06 16:11:28.762500,650275,1609506152215542,3752127251,0.782752,-0.007808,0.353312,0.20125,-12.15375,-4.83875,-43.368004,-31.728,-67.36,eccentric,4,5.0,39393.0,33043.0,86778.0,153302.0,38814.0,40512.0,38165.0,86921.0,26598.0,13383.0
2026-05-06 16:11:28.796427,650276,1609506152230021,3752142211,0.792512,-0.037088,0.325984,0.11375,-12.53875,-4.83,-43.336002,-30.720001,-68.776,eccentric,4,5.0,39393.0,33043.0,86778.0,153302.0,38814.0,40512.0,38165.0,86921.0,26598.0,13383.0
2026-05-06 16:11:28.798825,650277,1609506152238924,3752150915,0.792512,-0.037088,0.325984,-2.23125,-11.52375,-5.59125,-43.336002,-30.720001,-68.776,eccentric,4,5.0,39393.0,33043.0,86778.0,153302.0,38814.0,40512.0,38165.0,86921.0,26598.0,13383.0
2026-05-06 16:11:28.803955,650278,1609506152253417,3752165808,0.817888,-0.0488,0.396256,-4.0775,-10.08,-5.565,-43.584003,-30.520002,-68.856,eccentric,4,5.0,39393.0,33043.0,86778.0,153302.0,38814.0,40512.0,38165.0,86921.0,26598.0,13383.0
2026-05-06 16:11:28.815092,650279,1609506152262437,3752174654,0.817888,-0.0488,0.396256,-3.82375,-8.04125,-4.69875,-43.584003,-30.520002,-68.856,eccentric,4,5.0,39393.0,33043.0,86778.0,153302.0,38814.0,40512.0,38165.0,86921.0,26598.0,13383.0
2026-05-06 16:11:28.845195,650290,1609506152277132,3752189719,0.776896,0.0,0.378688,-0.945,-6.67625,-4.7425,-43.496002,-30.2,-68.176,eccentric,4,5.0,39480.0,33082.0,86817.0,153824.0,38933.0,40564.0,38174.0,87158.0,26677.0,13417.0
2026-05-06 16:11:28.847633,650291,1609506152286230,3752198462,0.75152,-0.003904,0.255712,4.34875,-6.37,-4.935,-43.192,-34.024002,-64.28001,eccentric,4,5.0,39480.0,33082.0,86817.0,153824.0,38933.0,40564.0,38174.0,87158.0,26677.0,13417.0
2026-05-06 16:11:28.850040,650292,1609506152295194,3752207291,0.75152,-0.003904,0.255712,10.2025,-6.055,-5.59125,-43.192,-34.024002,-64.28001,eccentric,4,5.0,39480.0,33082.0,86817.0,153824.0,38933.0,40564.0,38174.0,87158.0,26677.0,13417.0
2026-05-06 16:11:28.858942,650293,1609506152309700,3752222211,0.75152,-0.050752,0.347456,18.7075,-4.99625,-6.34375,-43.368004,-32.232002,-67.952,eccentric,4,5.0,39480.0,33082.0,86817.0,153824.0,38933.0,40564.0,38174.0,87158.0,26677.0,13417.0
2026-05-06 16:11:28.867704,650294,1609506152318632,3752230960,0.75152,-0.050752,0.347456,27.16875,-4.50625,-5.285,-43.368004,-32.232002,-67.952,eccentric,4,5.0,39480.0,33082.0,86817.0,153824.0,38933.0,40564.0,38174.0,87158.0,26677.0,13417.0
2026-05-06 16:11:28.881441,650295,1609506152333234,3752245900,0.784704,-0.003904,0.406016,29.1375,-3.9025,-3.63125,-43.368004,-30.400002,-69.264,eccentric,4,5.0,39480.0,33082.0,86817.0,153824.0,38933.0,40564.0,38174.0,87158.0,26677.0,13417.0
2026-05-06 16:11:28.912347,650296,1609506152342165,3752254734,0.784704,-0.003904,0.406016,22.995,-0.48125,-4.69,-43.368004,-30.400002,-69.264,eccentric,4,5.0,39480.0,33082.0,86817.0,153824.0,38933.0,40564.0,38174.0,87158.0,26677.0,13417.0
2026-05-06 16:11:28.937560,650297,1609506152356662,3752267579,0.737856,0.033184,0.427488,9.7475,3.78,-6.9475,-43.064003,-31.024002,-69.288,eccentric,4,5.0,39480.0,33082.0,86817.0,153824.0,38933.0,40564.0,38174.0,87158.0,26677.0,13417.0
2026-05-06 16:11:28.948747,650298,1609506152366015,3752278350,0.733952,0.0,0.298656,4.03375,5.075,-10.43,-43.208,-30.720001,-69.912,eccentric,4,5.0,39480.0,33082.0,86817.0,153824.0,38933.0,40564.0,38174.0,87158.0,26677.0,13417.0
2026-05-06 16:11:28.980204,650309,1609506152375460,3752287105,0.733952,0.0,0.298656,5.985,4.3925,-11.68125,-43.208,-30.720001,-69.912,eccentric,4,5.0,38674.0,32928.0,86669.0,150017.0,38063.0,40436.0,38129.0,85378.0,26147.0,13324.0
2026-05-06 16:11:28.982725,650310,1609506152389984,3752302052,0.823744,-0.056608,0.388448,12.99375,2.56375,-12.04,-43.328003,-30.368002,-69.248,eccentric,4,5.0,38674.0,32928.0,86669.0,150017.0,38063.0,40436.0,38129.0,85378.0,26147.0,13324.0
2026-05-06 16:11:28.985199,650311,1609506152398929,3752310778,0.823744,-0.056608,0.388448,17.70125,1.47,-10.54375,-43.328003,-30.368002,-69.248,eccentric,4,5.0,38674.0,32928.0,86669.0,150017.0,38063.0,40436.0,38129.0,85378.0,26147.0,13324.0
2026-05-06 16:11:28.987695,650312,1609506152407868,3752319549,0.872544,-0.080032,0.464576,11.7775,3.57875,-9.86125,-43.584003,-30.744001,-69.288,eccentric,4,5.0,38674.0,32928.0,86669.0,150017.0,38063.0,40436.0,38129.0,85378.0,26147.0,13324.0
2026-05-06 16:11:28.990209,650313,1609506152422615,3752334535,0.872544,-0.080032,0.464576,0.06125,5.2325,-9.59,-43.584003,-30.744001,-69.288,eccentric,4,5.0,38674.0,32928.0,86669.0,150017.0,38063.0,40436.0,38129.0,85378.0,26147.0,13324.0
2026-05-06 16:11:28.996653,650314,1609506152431746,3752343339,0.798368,0.007808,0.3416,-3.815,4.17375,-9.7825,-43.552002,-31.04,-68.816,eccentric,4,5.0,38674.0,32928.0,86669.0,150017.0,38063.0,40436.0,38129.0,85378.0,26147.0,13324.0
2026-05-06 16:11:28.996959,650315,1609506152446243,3752358273,0.796416,-0.040992,0.286944,0.49,0.74375,-7.98875,-43.552002,-31.04,-71.096,eccentric,4,5.0,38674.0,32928.0,86669.0,150017.0,38063.0,40436.0,38129.0,85378.0,26147.0,13324.0
2026-05-06 16:11:29.006840,650316,1609506152455273,3752367002,0.796416,-0.040992,0.286944,9.54625,-3.45625,-5.67,-43.528004,-31.128002,-71.096,eccentric,4,5.0,38674.0,32928.0,86669.0,150017.0,38063.0,40436.0,38129.0,85378.0,26147.0,13324.0
2026-05-06 16:11:29.044960,650317,1609506152469774,3752381951,0.890112,-0.015616,0.474336,15.86375,-7.6825,-2.63375,-43.600002,-32.248,-68.36,eccentric,4,5.0,38674.0,32928.0,86669.0,150017.0,38063.0,40436.0,38129.0,85378.0,26147.0,13324.0
2026-05-06 16:11:29.072657,650328,1609506152478829,3752390892,0.890112,-0.015616,0.474336,13.51,-8.30375,-0.2625,-43.600002,-32.248,-68.36,eccentric,4,5.0,38861.0,33031.0,86467.0,151102.0,38221.0,40426.0,37964.0,85791.0,26223.0,13323.0
2026-05-06 16:11:29.075176,650329,1609506152487798,3752399677,0.911584,-0.074176,0.437248,1.88125,-6.055,-1.3475,-43.688004,-30.904001,-68.872,eccentric,4,5.0,38861.0,33031.0,86467.0,151102.0,38221.0,40426.0,37964.0,85791.0,26223.0,13323.0
2026-05-06 16:11:29.077697,650330,1609506152502299,3752414593,0.911584,-0.074176,0.437248,-7.665,-3.45625,-3.01875,-43.688004,-30.904001,-68.872,eccentric,4,5.0,38861.0,33031.0,86467.0,151102.0,38221.0,40426.0,37964.0,85791.0,26223.0,13323.0
2026-05-06 16:11:29.080176,650331,1609506152511294,3752423352,0.788608,-0.01952,0.32208,-2.80875,-5.075,-2.19625,-43.744003,-31.592001,-68.264,eccentric,4,5.0,38861.0,33031.0,86467.0,151102.0,38221.0,40426.0,37964.0,85791.0,26223.0,13323.0
2026-05-06 16:11:29.082604,650332,1609506152525944,3752438311,0.788608,-0.01952,0.32208,11.38375,-9.415,0.77,-43.744003,-31.592001,-68.264,eccentric,4,5.0,38861.0,33031.0,86467.0,151102.0,38221.0,40426.0,37964.0,85791.0,26223.0,13323.0
2026-05-06 16:11:29.085175,650333,1609506152534951,3752447122,0.77104,0.085888,0.320128,22.72375,-14.14875,2.485,-43.776,-32.248,-67.888,eccentric,4,5.0,38861.0,33031.0,86467.0,151102.0,38221.0,40426.0,37964.0,85791.0,26223.0,13323.0
2026-05-06 16:11:29.091317,650334,1609506152543894,3752455866,0.77104,0.085888,0.320128,19.39875,-15.9425,1.11125,-43.776,-32.248,-67.888,eccentric,4,5.0,38861.0,33031.0,86467.0,151102.0,38221.0,40426.0,37964.0,85791.0,26223.0,13323.0
2026-05-06 16:11:29.126339,650335,1609506152558494,3752470884,0.765184,0.052704,0.349408,4.2,-13.4925,-2.94,-43.440002,-30.760002,-69.328,eccentric,4,5.0,38861.0,33031.0,86467.0,151102.0,38221.0,40426.0,37964.0,85791.0,26223.0,13323.0
2026-05-06 16:11:29.128817,650336,1609506152567478,3752479588,0.778848,-0.070272,0.384544,-11.10375,-9.89625,-7.805,-43.736004,-30.456001,-71.448006,eccentric,4,5.0,38861.0,33031.0,86467.0,151102.0,38221.0,40426.0,37964.0,85791.0,26223.0,13323.0
2026-05-06 16:11:29.156440,650347,1609506152582323,3752494617,0.778848,-0.070272,0.384544,-17.33375,-7.315,-10.22,-43.736004,-30.456001,-71.448006,eccentric,4,5.0,39099.0,33089.0,86428.0,151911.0,38495.0,40486.0,37954.0,86238.0,26396.0,13364.0
2026-05-06 16:11:29.158978,650348,1609506152591493,3752503422,0.708576,0.02928,0.296704,-13.37875,-7.1575,-9.765,-43.536003,-31.168001,-69.416,eccentric,4,5.0,39099.0,33089.0,86428.0,151911.0,38495.0,40486.0,37954.0,86238.0,26396.0,13364.0
2026-05-06 16:11:29.161314,650349,1609506152600489,3752512147,0.708576,0.02928,0.296704,-6.74625,-8.21625,-9.3275,-43.536003,-31.168001,-69.416,eccentric,4,5.0,39099.0,33089.0,86428.0,151911.0,38495.0,40486.0,37954.0,86238.0,26396.0,13364.0
2026-05-06 16:11:29.163883,650350,1609506152614976,3752527207,0.716384,0.076128,0.255712,-4.445,-8.86375,-9.3275,-43.640003,-31.192001,-69.336006,eccentric,4,5.0,39099.0,33089.0,86428.0,151911.0,38495.0,40486.0,37954.0,86238.0,26396.0,13364.0
2026-05-06 16:11:29.172687,650351,1609506152623910,3752535963,0.716384,0.076128,0.255712,-8.26,-8.47875,-10.92875,-43.640003,-31.192001,-69.336006,eccentric,4,5.0,39099.0,33089.0,86428.0,151911.0,38495.0,40486.0,37954.0,86238.0,26396.0,13364.0
2026-05-06 16:11:29.206176,650352,1609506152638389,3752550970,0.940864,0.0,0.384544,-15.89,-6.41375,-12.71375,-43.336002,-31.272001,-69.28001,eccentric,4,5.0,39099.0,33089.0,86428.0,151911.0,38495.0,40486.0,37954.0,86238.0,26396.0,13364.0
2026-05-06 16:11:29.208869,650353,1609506152647315,3752559677,0.940864,-0.093696,0.363072,-27.36125,-2.61625,-15.47,-43.336002,-31.272001,-69.28001,eccentric,4,5.0,39099.0,33089.0,86428.0,151911.0,38495.0,40486.0,37954.0,86238.0,26396.0,13364.0
2026-05-06 16:11:29.215240,650354,1609506152661986,3752574647,1.067744,-0.08784,0.363072,-32.725,0.25375,-17.07125,-43.56,-31.568,-69.792,eccentric,4,5.0,39099.0,33089.0,86428.0,151911.0,38495.0,40486.0,37954.0,86238.0,26396.0,13364.0
2026-05-06 16:11:29.218864,650355,1609506152670916,3752583365,1.091168,-0.033184,0.320128,-26.50375,0.1575,-15.07625,-43.68,-31.696001,-67.576004,eccentric,4,5.0,39099.0,33089.0,86428.0,151911.0,38495.0,40486.0,37954.0,86238.0,26396.0,13364.0
2026-05-06 16:11:29.276698,650366,1609506152679970,3752592163,1.091168,-0.033184,0.320128,-13.3525,-3.3075,-11.59375,-43.68,-31.696001,-67.576004,eccentric,4,5.0,39894.0,33328.0,86653.0,155625.0,39312.0,40684.0,38039.0,87975.0,26962.0,13498.0
2026-05-06 16:11:29.301332,650367,1609506152694645,3752607315,1.136064,0.062464,0.32208,-5.2675,-8.77625,-9.0825,-43.792004,-33.232002,-66.712006,eccentric,4,5.0,39894.0,33328.0,86653.0,155625.0,39312.0,40684.0,38039.0,87975.0,26962.0,13498.0
2026-05-06 16:11:29.315105,650368,1609506152703813,3752616067,1.136064,0.062464,0.32208,-7.91875,-11.57625,-8.07625,-43.792004,-33.232002,-66.712006,eccentric,4,5.0,39894.0,33328.0,86653.0,155625.0,39312.0,40684.0,38039.0,87975.0,26962.0,13498.0
2026-05-06 16:11:29.317461,650369,1609506152718320,3752631072,1.13216,-0.03904,0.310368,-18.17375,-12.0225,-8.1725,-43.808002,-33.248,-67.552,eccentric,4,5.0,39894.0,33328.0,86653.0,155625.0,39312.0,40684.0,38039.0,87975.0,26962.0,13498.0
2026-05-06 16:11:29.327637,650370,1609506152727271,3752639904,1.13216,-0.03904,0.310368,-24.00125,-11.08625,-7.58625,-43.808002,-33.248,-67.552,eccentric,4,5.0,39894.0,33328.0,86653.0,155625.0,39312.0,40684.0,38039.0,87975.0,26962.0,13498.0
2026-05-06 16:11:29.332617,650371,1609506152736232,3752648695,1.042368,-0.066368,0.277184,-21.0175,-11.94375,-4.7775,-43.592003,-31.720001,-70.144005,eccentric,4,5.0,39894.0,33328.0,86653.0,155625.0,39312.0,40684.0,38039.0,87975.0,26962.0,13498.0
2026-05-06 16:11:29.335169,650372,1609506152750709,3752661541,0.958432,0.027328,0.18544,-10.185,-14.63875,-0.42,-43.440002,-31.656002,-69.008,eccentric,4,5.0,39894.0,33328.0,86653.0,155625.0,39312.0,40684.0,38039.0,87975.0,26962.0,13498.0
2026-05-06 16:11:29.337897,650373,1609506152759951,3752672324,0.958432,0.027328,0.18544,0.51625,-17.77125,4.1125,-43.440002,-31.656002,-69.008,eccentric,4,5.0,39894.0,33328.0,86653.0,155625.0,39312.0,40684.0,38039.0,87975.0,26962.0,13498.0
2026-05-06 16:11:29.364842,650384,1609506152774497,3752685515,0.882304,0.08784,0.222528,5.1625,-19.78375,7.58625,-43.512,-31.776001,-69.232,eccentric,4,5.0,40405.0,33410.0,86648.0,157285.0,39854.0,40791.0,38044.0,88863.0,27370.0,13573.0
2026-05-06 16:11:29.369856,650385,1609506152783686,3752694480,0.882304,0.08784,0.222528,3.89375,-19.4425,8.16375,-43.512,-31.776001,-69.232,eccentric,4,5.0,40405.0,33410.0,86648.0,157285.0,39854.0,40791.0,38044.0,88863.0,27370.0,13573.0
2026-05-06 16:11:29.369946,650386,1609506152792967,3752705424,0.8296,0.042944,0.218624,1.0675,-16.975,7.98,-43.168003,-31.512001,-69.44,eccentric,4,5.0,40405.0,33410.0,86648.0,157285.0,39854.0,40791.0,38044.0,88863.0,27370.0,13573.0
2026-05-06 16:11:29.372194,650387,1609506152807495,3752718412,0.8296,0.042944,0.218624,-0.875,-15.1375,6.71125,-43.168003,-31.512001,-69.44,eccentric,4,5.0,40405.0,33410.0,86648.0,157285.0,39854.0,40791.0,38044.0,88863.0,27370.0,13573.0
2026-05-06 16:11:29.375026,650388,1609506152816933,3752729197,0.806176,0.007808,0.232288,-1.26875,-12.8975,6.11625,-43.712,-31.016,-68.064,eccentric,4,5.0,40405.0,33410.0,86648.0,157285.0,39854.0,40791.0,38044.0,88863.0,27370.0,13573.0
2026-05-06 16:11:29.381240,650389,1609506152831488,3752744196,0.843264,0.017568,0.199104,0.02625,-11.69,6.2475,-43.600002,-30.984001,-68.992004,eccentric,4,5.0,40405.0,33410.0,86648.0,157285.0,39854.0,40791.0,38044.0,88863.0,27370.0,13573.0
2026-05-06 16:11:29.387531,650390,1609506152840406,3752752852,0.843264,0.017568,0.199104,0.62125,-10.92,6.50125,-43.600002,-30.984001,-68.992004,eccentric,4,5.0,40405.0,33410.0,86648.0,157285.0,39854.0,40791.0,38044.0,88863.0,27370.0,13573.0
2026-05-06 16:11:29.401307,650391,1609506152854884,3752765739,0.876448,0.037088,0.20496,-0.95375,-9.2225,5.94125,-43.632004,-32.736,-68.76,eccentric,4,5.0,40405.0,33410.0,86648.0,157285.0,39854.0,40791.0,38044.0,88863.0,27370.0,13573.0
2026-05-06 16:11:29.415095,650392,1609506152864307,3752776535,0.876448,0.037088,0.20496,-6.65,-7.77,5.775,-43.632004,-32.736,-68.76,eccentric,4,5.0,40405.0,33410.0,86648.0,157285.0,39854.0,40791.0,38044.0,88863.0,27370.0,13573.0
2026-05-06 16:11:29.459624,650403,1609506152873301,3752785599,0.905728,-0.01952,0.22448,-11.73375,-5.97625,4.43625,-43.544003,-31.768002,-69.416,eccentric,4,5.0,40446.0,33278.0,86671.0,157183.0,39918.0,40671.0,38030.0,88899.0,27450.0,13533.0
2026-05-06 16:11:29.461235,650404,1609506152887832,3752800639,0.905728,-0.01952,0.22448,-13.4925,-4.31375,3.8325,-43.544003,-31.768002,-69.416,eccentric,4,5.0,40446.0,33278.0,86671.0,157183.0,39918.0,40671.0,38030.0,88899.0,27450.0,13533.0
2026-05-06 16:11:29.463607,650405,1609506152896880,3752809335,0.952576,-0.044896,0.26352,-8.225,-4.41,4.92625,-43.856003,-32.344,-69.536,eccentric,4,5.0,40446.0,33278.0,86671.0,157183.0,39918.0,40671.0,38030.0,88899.0,27450.0,13533.0
2026-05-06 16:11:29.467973,650406,1609506152911697,3752824324,0.935008,0.021472,0.242048,0.56,-5.01375,6.6675,-43.728,-30.568,-69.72,eccentric,4,5.0,40446.0,33278.0,86671.0,157183.0,39918.0,40671.0,38030.0,88899.0,27450.0,13533.0
2026-05-06 16:11:29.471092,650407,1609506152920777,3752833035,0.935008,0.021472,0.242048,7.525,-5.74875,8.5925,-43.728,-30.568,-69.72,eccentric,4,5.0,40446.0,33278.0,86671.0,157183.0,39918.0,40671.0,38030.0,88899.0,27450.0,13533.0
2026-05-06 16:11:29.477306,650408,1609506152929718,3752841760,0.935008,0.007808,0.277184,9.66,-5.6,8.4875,-43.728,-30.568,-69.272,eccentric,4,5.0,40446.0,33278.0,86671.0,157183.0,39918.0,40671.0,38030.0,88899.0,27450.0,13533.0
2026-05-06 16:11:29.511362,650409,1609506152944332,3752856685,0.925248,0.007808,0.277184,5.705,-4.57625,7.735,-43.784,-30.424002,-69.272,eccentric,4,5.0,40446.0,33278.0,86671.0,157183.0,39918.0,40671.0,38030.0,88899.0,27450.0,13533.0
2026-05-06 16:11:29.513949,650410,1609506152953322,3752865524,0.892064,-0.06832,0.240096,2.1875,-3.17625,7.35,-43.728,-30.696001,-70.064,eccentric,4,5.0,40446.0,33278.0,86671.0,157183.0,39918.0,40671.0,38030.0,88899.0,27450.0,13533.0
2026-05-06 16:11:29.516347,650411,1609506152967830,3752880483,0.892064,-0.06832,0.240096,1.7675,-2.21375,7.83125,-43.728,-30.696001,-70.064,eccentric,4,5.0,40446.0,33278.0,86671.0,157183.0,39918.0,40671.0,38030.0,88899.0,27450.0,13533.0
2026-05-06 16:11:29.553276,650422,1609506152977506,3752889284,0.866688,-0.031232,0.25376,4.27,-2.47625,9.4325,-43.624,-30.04,-69.192,eccentric,4,5.0,39531.0,32973.0,86626.0,153664.0,38953.0,40376.0,37997.0,87225.0,26871.0,13371.0
2026-05-06 16:11:29.554828,650423,1609506152986502,3752898162,0.866688,-0.031232,0.25376,6.57125,-3.535,10.7275,-43.624,-30.04,-69.192,eccentric,4,5.0,39531.0,32973.0,86626.0,153664.0,38953.0,40376.0,37997.0,87225.0,26871.0,13371.0
2026-05-06 16:11:29.563801,650424,1609506153001048,3752913232,0.85888,-0.023424,0.269376,5.81,-3.185,10.92875,-43.760002,-31.976002,-69.064,eccentric,4,5.0,39531.0,32973.0,86626.0,153664.0,38953.0,40376.0,37997.0,87225.0,26871.0,13371.0
2026-05-06 16:11:29.565068,650425,1609506153009995,3752921959,0.85888,-0.023424,0.284992,2.65125,-2.59875,10.64875,-43.760002,-31.976002,-69.064,eccentric,4,5.0,39531.0,32973.0,86626.0,153664.0,38953.0,40376.0,37997.0,87225.0,26871.0,13371.0
2026-05-06 16:11:29.573743,650426,1609506153024492,3752936908,0.851072,-0.031232,0.284992,1.3125,-1.4175,9.98375,-44.224003,-31.240002,-68.536,eccentric,4,5.0,39531.0,32973.0,86626.0,153664.0,38953.0,40376.0,37997.0,87225.0,26871.0,13371.0
2026-05-06 16:11:29.585080,650427,1609506153033494,3752945701,0.831552,0.001952,0.30256,0.98875,-1.225,8.9775,-44.304,-29.336,-70.232,eccentric,4,5.0,39531.0,32973.0,86626.0,153664.0,38953.0,40376.0,37997.0,87225.0,26871.0,13371.0
2026-05-06 16:11:29.591306,650428,1609506153042547,3752954447,0.831552,0.001952,0.30256,0.93625,-1.1025,8.8025,-44.304,-29.336,-70.232,eccentric,4,5.0,39531.0,32973.0,86626.0,153664.0,38953.0,40376.0,37997.0,87225.0,26871.0,13371.0
2026-05-06 16:11:29.606151,650429,1609506153057048,3752969371,0.84912,0.003904,0.333792,-1.05875,-0.7525,8.61875,-44.472004,-31.016,-69.096,eccentric,4,5.0,39531.0,32973.0,86626.0,153664.0,38953.0,40376.0,37997.0,87225.0,26871.0,13371.0
2026-05-06 16:11:29.647078,650430,1609506153065957,3752978079,0.84912,0.003904,0.333792,-8.33,0.455,8.04125,-44.472004,-31.016,-69.096,eccentric,4,5.0,39531.0,32973.0,86626.0,153664.0,38953.0,40376.0,37997.0,87225.0,26871.0,13371.0
2026-05-06 16:11:29.751309,650441,1609506153080628,3752993201,0.788608,-0.081984,0.304512,-16.63375,2.24,6.88625,-43.784,-29.624,-70.032005,eccentric,4,5.0,38678.0,32736.0,86316.0,150202.0,38089.0,40127.0,37858.0,85561.0,26316.0,13228.0
2026-05-06 16:11:29.751434,650442,1609506153089648,3753001910,0.788608,-0.081984,0.304512,-21.55125,3.47375,5.92375,-43.784,-29.624,-70.032005,eccentric,4,5.0,38678.0,32736.0,86316.0,150202.0,38089.0,40127.0,37858.0,85561.0,26316.0,13228.0
2026-05-06 16:11:29.754801,650443,1609506153098707,3753010620,0.81984,-0.132736,0.275232,-18.17375,2.94875,6.405,-43.944,-29.448002,-72.16,eccentric,4,5.0,38678.0,32736.0,86316.0,150202.0,38089.0,40127.0,37858.0,85561.0,26316.0,13228.0
2026-05-06 16:11:29.755987,650444,1609506153113213,3753025468,0.804224,-0.003904,0.31232,-8.84625,1.715,7.6825,-44.52,-29.208002,-69.976006,eccentric,4,5.0,38678.0,32736.0,86316.0,150202.0,38089.0,40127.0,37858.0,85561.0,26316.0,13228.0
2026-05-06 16:11:29.758349,650445,1609506153122164,3753034169,0.804224,-0.003904,0.31232,-0.49,1.23375,9.205,-44.52,-29.208002,-69.976006,eccentric,4,5.0,38678.0,32736.0,86316.0,150202.0,38089.0,40127.0,37858.0,85561.0,26316.0,13228.0
2026-05-06 16:11:29.760905,650446,1609506153136640,3753049081,0.821792,-0.031232,0.31232,1.21625,1.47875,8.28625,-44.376003,-32.376003,-67.872,eccentric,4,5.0,38678.0,32736.0,86316.0,150202.0,38089.0,40127.0,37858.0,85561.0,26316.0,13228.0
2026-05-06 16:11:29.763443,650447,1609506153145575,3753057874,0.821792,-0.031232,0.31232,-3.57,2.5375,6.0375,-44.376003,-32.376003,-67.872,eccentric,4,5.0,38678.0,32736.0,86316.0,150202.0,38089.0,40127.0,37858.0,85561.0,26316.0,13228.0
2026-05-06 16:11:29.765995,650448,1609506153160064,3753072777,0.860832,-0.10736,0.335744,-8.295,3.3425,4.5675,-44.512,-29.192001,-69.90401,eccentric,4,5.0,38678.0,32736.0,86316.0,150202.0,38089.0,40127.0,37858.0,85561.0,26316.0,13228.0
2026-05-06 16:11:29.768412,650449,1609506153169013,3753081492,0.860832,-0.10736,0.335744,-9.89625,3.185,4.45375,-44.512,-29.192001,-69.90401,eccentric,4,5.0,38678.0,32736.0,86316.0,150202.0,38089.0,40127.0,37858.0,85561.0,26316.0,13228.0
2026-05-06 16:11:29.798815,650460,1609506153177973,3753090334,0.880352,-0.08784,0.355264,-8.14625,2.8,4.9525,-44.264004,-30.168001,-68.416,eccentric,4,5.0,38877.0,32775.0,86412.0,151307.0,38364.0,40161.0,37890.0,86125.0,26500.0,13259.0
2026-05-06 16:11:29.801410,650461,1609506153192674,3753105348,0.876448,-0.054656,0.3904,-6.58875,1.6275,5.46,-44.528004,-28.632002,-70.28001,eccentric,4,5.0,38877.0,32775.0,86412.0,151307.0,38364.0,40161.0,37890.0,86125.0,26500.0,13259.0
2026-05-06 16:11:29.803879,650462,1609506153201773,3753114060,0.876448,-0.054656,0.3904,-7.2625,0.81375,5.3375,-44.528004,-28.632002,-70.28001,eccentric,4,5.0,38877.0,32775.0,86412.0,151307.0,38364.0,40161.0,37890.0,86125.0,26500.0,13259.0
2026-05-06 16:11:29.806403,650463,1609506153216331,3753129093,0.860832,-0.0976,0.368928,-9.31,0.665,4.935,-44.488003,-28.976002,-69.672005,eccentric,4,5.0,38877.0,32775.0,86412.0,151307.0,38364.0,40161.0,37890.0,86125.0,26500.0,13259.0
2026-05-06 16:11:29.811460,650464,1609506153225260,3753136048,0.860832,-0.0976,0.368928,-12.22375,0.18375,3.47375,-44.488003,-28.976002,-69.672005,eccentric,4,5.0,38877.0,32775.0,86412.0,151307.0,38364.0,40161.0,37890.0,86125.0,26500.0,13259.0
2026-05-06 16:11:29.813951,650465,1609506153234782,3753146909,0.872544,-0.12688,0.355264,-14.04375,-0.35,2.8525,-44.448,-28.848001,-69.408005,eccentric,4,5.0,38877.0,32775.0,86412.0,151307.0,38364.0,40161.0,37890.0,86125.0,26500.0,13259.0
2026-05-06 16:11:29.816354,650466,1609506153249321,3753161950,0.872544,-0.12688,0.355264,-14.98875,-0.98875,2.44125,-44.448,-28.848001,-69.408005,eccentric,4,5.0,38877.0,32775.0,86412.0,151307.0,38364.0,40161.0,37890.0,86125.0,26500.0,13259.0
2026-05-06 16:11:29.821431,650467,1609506153258282,3753170702,0.872544,-0.085888,0.355264,-14.9625,-1.88125,1.9775,-44.56,-28.696001,-69.48,eccentric,4,5.0,38877.0,32775.0,86412.0,151307.0,38364.0,40161.0,37890.0,86125.0,26500.0,13259.0
2026-05-06 16:11:29.823935,650468,1609506153272814,3753183651,0.843264,-0.10736,0.31232,-14.35,-2.47625,1.47875,-44.384003,-28.968002,-66.088005,eccentric,4,5.0,38877.0,32775.0,86412.0,151307.0,38364.0,40161.0,37890.0,86125.0,26500.0,13259.0
2026-05-06 16:11:29.851338,650479,1609506153282270,3753194480,0.843264,-0.10736,0.31232,-13.60625,-2.07375,0.315,-44.384003,-28.968002,-66.088005,eccentric,4,5.0,39249.0,32850.0,86476.0,153306.0,38769.0,40276.0,37951.0,87035.0,26743.0,13339.0
2026-05-06 16:11:29.856328,650480,1609506153291343,3753203270,0.843264,-0.10736,0.31232,-13.8075,-2.58125,-0.27125,-44.384003,-28.968002,-66.088005,eccentric,4,5.0,39249.0,32850.0,86476.0,153306.0,38769.0,40276.0,37951.0,87035.0,26743.0,13339.0
2026-05-06 16:11:29.858805,650481,1609506153305935,3753218248,0.843264,-0.158112,0.31232,-13.43125,-2.625,-0.8925,-44.592003,-28.992,-68.584,eccentric,4,5.0,39249.0,32850.0,86476.0,153306.0,38769.0,40276.0,37951.0,87035.0,26743.0,13339.0
2026-05-06 16:11:29.865157,650482,1609506153314844,3753227021,0.84912,-0.115168,0.269376,-14.20125,-2.14375,-1.68875,-44.768,-28.696001,-69.416,eccentric,4,5.0,39249.0,32850.0,86476.0,153306.0,38769.0,40276.0,37951.0,87035.0,26743.0,13339.0
2026-05-06 16:11:29.878760,650483,1609506153329352,3753241943,0.84912,-0.115168,0.269376,-14.2275,-1.155,-1.67125,-44.768,-28.696001,-69.416,eccentric,4,5.0,39249.0,32850.0,86476.0,153306.0,38769.0,40276.0,37951.0,87035.0,26743.0,13339.0
2026-05-06 16:11:29.887547,650484,1609506153338338,3753250738,0.833504,-0.115168,0.298656,-17.24625,-0.13125,-3.24625,-44.656002,-30.336002,-67.664,eccentric,4,5.0,39249.0,32850.0,86476.0,153306.0,38769.0,40276.0,37951.0,87035.0,26743.0,13339.0
2026-05-06 16:11:29.903932,650485,1609506153352861,3753263617,0.833504,-0.134688,0.261568,-17.99,0.2975,-5.215,-44.656002,-30.336002,-67.664,eccentric,4,5.0,39249.0,32850.0,86476.0,153306.0,38769.0,40276.0,37951.0,87035.0,26743.0,13339.0
2026-05-06 16:11:29.912696,650486,1609506153362216,3753274396,0.84912,-0.134688,0.261568,-15.49625,-0.53375,-6.405,-44.832,-30.680002,-69.448006,eccentric,4,5.0,39249.0,32850.0,86476.0,153306.0,38769.0,40276.0,37951.0,87035.0,26743.0,13339.0
2026-05-06 16:11:29.918927,650487,1609506153371300,3753283119,0.84912,-0.134688,0.261568,-12.73125,-0.6125,-6.7025,-44.832,-30.680002,-69.448006,eccentric,4,5.0,39249.0,32850.0,86476.0,153306.0,38769.0,40276.0,37951.0,87035.0,26743.0,13339.0
